70.578	58.3816
78.9994	12.2178
85.5842	27.0012
80.0818	43.2018
82.458	69.081
78.1188	90.4092
100.224	16.7804
96.1238	58.3868
102.993	71.5464
99.8578	90.4186
95.6604	112.3808
119.024	17.5526
115.446	28.9998
112.106	52.7918
116.926	65.7818
118.302 78.276
116.432 90.0984
108.226	100.3188
129.108 31.1398
127.646 56.8622
131.530 68.862
131.169 98.4606
123.446 109.7086
119.522 123.8842
138.621	19.729
140.232 44.2506
145.308 62.9426
137.350 117.001
151.410 33.703
149.208 109.3086
147.020 124.5446
162.640 45.3148
160.178 66.197
162.180 103.7024
159.184	118.1522
171.052	79.3964
161.7664 96.7818
171.3096 110.7304